=====================cnn_servingLOW_LOAD=====================
0.5820772647857666
0.593254566192627
0.6188956737518311
0.628932785987854
0.6369624757766723
=====================img_resLOW_LOAD=====================
0.34524944850376676
0.3554530143737793
0.4114576816558838
0.4326005697250366
0.44951488018035884
=====================img_rotLOW_LOAD=====================
0.3858306407928467
0.3964378833770752
0.4317786693572998
0.44036245346069336
0.4472294807434082
=====================ml_trainLOW_LOAD=====================
5.679911920002529
5.524739742279053
6.071630954742432
6.098921895027161
6.120754647254944
=====================vid_procLOW_LOAD=====================
1.1846439497811454
1.4069328308105469
1.9192342281341552
1.941785669326782
1.9598268222808837
=====================web_serveLOW_LOAD=====================
0.24830358369009836
0.2500324249267578
0.2698817729949951
0.27645518779754635
0.2817139196395874
=====================cnn_servingMED_LOAD=====================
0.6978050095694406
0.6310880184173584
0.7588737964630127
1.5922033071517943
1.6620938444137572
=====================img_resMED_LOAD=====================
0.6807353905269078
0.3554391860961914
1.3667163848876953
1.415076637268066
2.6504557418823183
=====================img_rotMED_LOAD=====================
0.6038853985922678
0.3866896629333496
1.3504083156585693
1.3890479564666747
1.407211866378784
=====================ml_trainMED_LOAD=====================
9.933400283540998
9.451580286026001
10.152626848220825
15.533267712593078
15.645029773712158
=====================vid_procMED_LOAD=====================
1.6020769187382289
1.6468288898468018
2.219186878204346
2.259106683731079
3.4974675130844055
=====================web_serveMED_LOAD=====================
0.7770122732434954
0.4286684989929199
1.724177360534668
1.8124023914337155
1.9190665388107297
=====================cnn_servingHIGH_LOAD=====================
1.6614203740315265
1.6544811725616455
3.5129137992858888
3.632801628112793
3.723150029182434
=====================img_resHIGH_LOAD=====================
1.4558836379683162
1.3941383361816406
3.378686475753784
3.618258523941039
4.406473951339694
=====================img_rotHIGH_LOAD=====================
1.4601099433669125
1.4769670963287354
2.6107838153839107
3.4117236375808715
3.7832335996627746
=====================ml_trainHIGH_LOAD=====================
23.10753878627915
22.885252952575684
24.17806749343872
28.44967947006225
28.80360601902008
=====================vid_procHIGH_LOAD=====================
1.6743340348622886
1.6606206893920898
2.4690977573394775
3.5893872499465926
3.856101245880126
=====================web_serveHIGH_LOAD=====================
1.1325586617711079
1.2748839855194092
1.658215093612671
3.1176454544067305
3.3926021909713735
